[Variables]
ercf_calib_0 = 1.0
ercf_calib_1 = 0.966516264628
ercf_calib_2 = 0.965993823404
ercf_calib_3 = 0.966516264628
ercf_calib_4 = 0.96495063353
ercf_calib_5 = 0.964429883053
ercf_calib_6 = 0.967562844233
ercf_calib_7 = 0.963909694335
ercf_calib_8 = 0.97389023068
ercf_calib_ref = 1481.40391

